[154,126,190],[128,241,150],[154,234,190],[154,126,199],[73,126,190],[124,30,191],[131,230,54],[154,126,289],[154,-18,190],[20,142,117],[177,86,212],[42,63,158],[78,247,98],[154,126,163],[269,126,190],[149,155,246],

[154,126,190],[154,126,199],[154,126,247],[67,126,190],[154,182,190],[154,62,190],[154,126,212],[154,198,190],[154,100,190],[154,162,190],[78,126,190],[222,126,190],[154,67,190],[154,126,322],

[154,126,190],[126,216,190],[126,98,190],[154,98,190],[42,126,190],[154,98,211],[154,126,176],[272,98,190],[154,126,57],[154,126,277],[154,126,151],

[158,36,113],[411,36,113],[284,-65,62],[271,36,224],[284,36,113],[271,36,113],[239,18,113],[411,-58,224],[271,-65,62],[370,36,113],[284,-58,224],[340,36,113],[253,36,113],[271,36,62],[271,179,113],[181,-65,62],[411,36,224],[173,36,224],[271,-65,113],[144,-65,113],[284,36,62],[406,36,113],[336,36,113],[271,97,237],[158,83,113],[450,36,113],[482,36,113],[229,36,113],[150,36,113],[403,-65,62],[191,-65,62],[271,56,113],[284,64,113],[271,36,-1],[411,-58,113],[411,16,113],[411,-65,62],[275,-65,62],

[51,118,164],[39,81,51],[243,181,8],[39,178,75],[190,246,243],[70,43,1],[210,232,185],[210,207,229],[142,86,66],[23,68,95],[95,141,101],[179,108,60],[232,141,107],[115,61,234],[55,207,73],[123,170,232],[70,43,51],[238,161,131],[179,108,51],[210,232,8],[39,81,66],[179,108,-21],

[253,245,241],[75,7,42],[175,123,229],[103,195,12],[198,225,222],[129,15,72],[167,223,114],[151,75,18],[219,153,154],[2,130,111],

[22,208,13],[110,216,171],[215,100,248],[0,39,157],[39,168,164],

[148,252,218],[148,252,336],[148,252,348],[283,252,218],[148,212,218],[119,252,218],[148,298,218],

[148,252,218],[283,252,218],[148,252,336],[148,252,363],[148,252,348],[148,359,336],[259,252,218],

[148,252,218],[148,252,155],[148,252,336],[148,159,218],[148,252,305],[148,252,175],[148,130,336],[148,252,348],[26,252,336],[148,166,218],[148,374,336],[148,252,201],[60,252,218],[148,133,218],

[148,252,218],[148,250,336],[148,252,336],[264,252,218],[148,252,348],[428,252,308],[232,185,218],[280,252,308],[264,252,348],[14,304,218],[326,252,308],

[148,252,218],[148,250,336],[148,252,336],[264,252,218],[148,252,348],[428,252,308],[232,185,218],[280,252,308],[264,252,348],[14,304,218],[326,252,308],

[148,252,218],[148,250,336],[148,252,336],[264,252,218],[148,252,348],[428,252,308],[232,185,218],[280,252,308],[264,252,348],[14,304,218],[326,252,308],

[264,252,218],[148,252,218],[148,252,336],[264,254,218],[148,252,348],[148,252,361],[148,252,128],[148,252,449],[148,252,146],[148,368,218],[181,252,336],[148,252,164],[264,368,218],[148,252,351],[264,252,68],[236,252,218],[148,120,146],[264,293,218],[148,252,268],

[148,252,218],[103,252,218],[148,308,218],[102,252,218],[148,252,236],[148,252,336],[-22,252,218],[264,252,218],[148,337,218],[216,252,336],[148,250,336],[102,337,218],[102,267,218],[264,252,169],[102,252,344],

[83,181,219],[120,216,27],

[120,216,27],[120,107,27],[120,247,144],[120,130,27],[120,216,61],[236,216,27],[120,55,27],[6,216,27],[120,134,27],

[209,177,197],[209,273,197],[70,177,230],[209,197,197],[253,177,197],[70,177,197],[209,177,115],[209,321,197],[209,177,51],[34,177,197],[209,137,197],[209,136,197],[209,177,185],[209,177,139],[70,197,197],[209,177,169],[209,177,117],[209,177,133],

[216,144,238],[71,159,74],[153,183,22],[192,81,165],[153,81,22],[118,183,22],[192,144,165],[231,104,200],[231,81,200],[194,144,238],[216,144,193],

[216,144,238],[71,159,74],[153,183,22],[192,81,165],[153,81,22],[118,183,22],[192,144,165],[231,104,200],[231,81,200],[194,144,238],[216,144,193],

[253,241,218],[126,169,21],

